
    STEP   DAMPING               NORMS              COMPUTATION TIMES
  IT SIT     GAMMA     ||d||     ||f||     ||U||   F(x)  DF(x)  SOLVE
   0                          4.00e-05  2.09e+02    0.0    0.0    0.0
   1   1  1.00e+00  5.23e-06  6.10e-11  2.09e+02    0.0    0.0    0.0
   2   1  1.00e+00  1.21e-10  1.67e-16  2.09e+02    0.0    0.0    0.0

 STEP      TIME        ||U||  LABEL  TYPE            om         rho1          th1          eps
    0  00:00:00   2.0860e+02      1  EP      1.4745e+02   3.9582e-02   3.7344e+00   1.0000e-01
   10  00:00:00   2.0688e+02      2          1.4621e+02   6.6380e-02   4.7322e+00   1.0000e-01
   14  00:00:00   2.0685e+02      3  FP      1.4619e+02   6.5602e-02   4.8807e+00   1.0000e-01
   14  00:00:00   2.0685e+02      4  SN      1.4619e+02   6.5602e-02   4.8807e+00   1.0000e-01
   20  00:00:00   2.0701e+02      5          1.4629e+02   5.8890e-02   5.2305e+00   1.0000e-01
   27  00:00:00   2.0742e+02      6  FP      1.4656e+02   3.5347e-02   5.7652e+00   1.0000e-01
   27  00:00:00   2.0742e+02      7  SN      1.4656e+02   3.5347e-02   5.7652e+00   1.0000e-01
   30  00:00:00   2.0742e+02      8          1.4655e+02   3.2416e-02   5.8143e+00   1.0000e-01
   40  00:00:00   2.0727e+02      9          1.4644e+02   2.4221e-02   5.9427e+00   1.0000e-01
   50  00:00:00   2.0497e+02     10          1.4480e+02   8.1970e-03   6.1714e+00   1.0000e-01
   60  00:00:00   1.9998e+02     11          1.4127e+02   3.5063e-03   6.2355e+00   1.0000e-01
   70  00:00:00   1.9499e+02     12          1.3773e+02   2.2316e-03   6.2528e+00   1.0000e-01
   80  00:00:01   1.8999e+02     13          1.3420e+02   1.6366e-03   6.2609e+00   1.0000e-01
   85  00:00:01   1.8789e+02     14  EP      1.3271e+02   1.4714e-03   6.2632e+00   1.0000e-01

 STEP      TIME        ||U||  LABEL  TYPE            om         rho1          th1          eps
    0  00:00:01   2.0860e+02     15  EP      1.4745e+02   3.9582e-02   3.7344e+00   1.0000e-01
   10  00:00:01   2.1260e+02     16          1.5030e+02   7.5474e-03   3.2445e+00   1.0000e-01
   20  00:00:01   2.1760e+02     17          1.5383e+02   3.3968e-03   3.1878e+00   1.0000e-01
   30  00:00:01   2.2260e+02     18          1.5737e+02   2.1876e-03   3.1713e+00   1.0000e-01
   40  00:00:01   2.2760e+02     19          1.6090e+02   1.6130e-03   3.1635e+00   1.0000e-01
   44  00:00:01   2.2943e+02     20  EP      1.6220e+02   1.4712e-03   3.1616e+00   1.0000e-01
